[1,1,0,0,1,0,0,0,0,0,0,0,0,0],
[1,1,1,1,1,0,0,0,0,0,0,0,0,0],
[0,1,1,0,0,0,0,0,0,0,0,0,0,0],
[0,1,1,1,1,0,1,0,1,0,0,0,0,0],
[1,1,0,0,1,0,0,0,0,0,0,0,0,0],
[0,0,0,1,0,1,0,0,0,0,1,1,1,0],
[0,0,0,0,0,0,1,1,1,0,0,0,0,0],
[0,0,0,1,0,0,1,1,0,0,0,0,0,0],
[0,0,0,0,0,0,1,0,1,1,0,0,0,1],
[0,0,0,1,0,0,0,0,1,1,1,0,0,0],
[0,0,0,0,0,1,0,0,0,1,1,0,0,0],
[0,0,0,0,0,1,0,0,0,0,0,1,1,0],
[0,0,0,0,0,1,0,0,0,0,0,1,1,1],
[0,0,0,0,0,0,0,0,1,0,0,0,1,1]


[[1,4],[0,2,3,4],[1],[1,2,4,6,8],[0,1],[3,10,11,12],[7,8],[3,6],[6,9,13],[3,8,10],[5,9],[5,12],[5,11,13],[8,12]]